  1.1736000e+004  6.9800000e+000  1.5576400e+003
  2.5447000e+004  7.0000000e+000  3.2377000e+003
  3.9179000e+004  6.9900000e+000  4.4382200e+003
  4.8986000e+004  6.9900000e+000  4.9616500e+003
  5.8788000e+004  6.9800000e+000  5.2870900e+003
  6.8591000e+004  6.9900000e+000  5.4481400e+003
  7.8373000e+004  7.0100000e+000  5.4607700e+003
  1.1730000e+004  8.4600000e+000  1.3991800e+003
  2.5454000e+004  8.4900000e+000  2.9504200e+003
  3.9178000e+004  8.4900000e+000  4.1400500e+003
  4.9003000e+004  8.4700000e+000  4.7609100e+003
  5.8799000e+004  8.4900000e+000  5.2120900e+003
  6.8603000e+004  8.4800000e+000  5.5726800e+003
  7.8363000e+004  8.5100000e+000  5.7886800e+003
  1.1734000e+004  9.4000000e+000  1.3207300e+003
  2.5463000e+004  9.4200000e+000  2.7999800e+003
  3.9198000e+004  9.4500000e+000  3.9639800e+003
  4.9004000e+004  9.4700000e+000  4.5901800e+003
  5.8790000e+004  9.4700000e+000  5.1192000e+003
  6.8606000e+004  9.4800000e+000  5.5167800e+003
  7.8402000e+004  9.4900000e+000  5.8393300e+003
